200 	  1.9923e-05
300 	  2.1601e-05
400 	  1.9313e-05
500 	  2.9777e-05
600 	  4.2578e-05
700 	  5.229e-05
800 	  4.4075e-05
900 	  5.3451e-05
1000 	  6.9673e-05
1100 	  7.4522e-05
1200 	  8.6388e-05
1300 	  0.00010113
1400 	  0.000117977
1500 	  0.000129321
1600 	  0.000109371
1700 	  0.000117644
1800 	  0.000131399
1900 	  0.000146589
2000 	  0.000160188
2100 	  0.000175068
2200 	  0.000187897
2300 	  0.000203213
2400 	  0.000217881
2500 	  0.000227526
2600 	  0.00024706
2700 	  0.000269552
2800 	  0.000281775
2900 	  0.000297791
3000 	  0.000314498
3100 	  0.000334507
3200 	  0.000265935
3300 	  0.000278047
3400 	  0.000292408
3500 	  0.000309638
3600 	  0.000329422
3700 	  0.000342689
3800 	  0.000345441
3900 	  0.000361018
4000 	  0.000379792
4100 	  0.000389859
4200 	  0.000399607
4300 	  0.000414966
4400 	  0.000429262
4500 	  0.000445387
4600 	  0.000477751
4700 	  0.000478791
4800 	  0.000487165
4900 	  0.000505432
5000 	  0.000523645
5100 	  0.000541798
5200 	  0.00055274
5300 	  0.000575859
5400 	  0.000590955
5500 	  0.000609578
5600 	  0.000629118
5700 	  0.000643231
5800 	  0.000675587
5900 	  0.000686427
6000 	  0.000698044
6100 	  0.000727559
