100 9.36e-07
25100 4.0832e-05
50100 7.2228e-05
75100 0.000108035
100100 0.000123126
125100 0.000173181
150100 0.000205329
175100 0.000230964
200100 0.00023455
225100 0.000295403
250100 0.000331924
275100 0.000356917
300100 0.000376473
325100 0.000372828
350100 0.000410174
375100 0.000472572
400100 0.000468244
425100 0.000468227
450100 0.000539435
475100 0.000566469
500100 0.000587621
525100 0.000599544
550100 0.000677304
575100 0.000654145
600100 0.000733062
625100 0.000766671
650100 0.000703271
675100 0.000822619
700100 0.000802877
725100 0.000860614
750100 0.000904475
775100 0.000924786
800100 0.000870519
825100 0.00103923
850100 0.00104139
875100 0.00102316
900100 0.000983542
925100 0.00109472
950100 0.0011336
975100 0.00125026
